   0.0000000000000000       0.99999999999999967     
   100.00000000000000       0.99031865724213919     
   200.00000000000000       0.98073126329969240     
   300.00000000000000       0.97123690648301353     
   400.00000000000000       0.96183468394959992     
   500.00000000000000       0.95252370161822564     
   600.00000000000000       0.94330307408393377     
   700.00000000000000       0.93417192453382769     
   800.00000000000000       0.92512938466370642     
   900.00000000000000       0.91617459459548212     
   1000.0000000000000       0.90730670279542325     
   1100.0000000000000       0.89852486599317505     
   1200.0000000000000       0.88982824910156666     
   1300.0000000000000       0.88121602513721098     
   1400.0000000000000       0.87268737514185279     
   1500.0000000000000       0.86424148810450385     
   1600.0000000000000       0.85587756088431000     
   1700.0000000000000       0.84759479813418970     
   1800.0000000000000       0.83939241222519168     
   1900.0000000000000       0.83126962317160669     
   2000.0000000000000       0.82322565855679308     
   2100.0000000000000       0.81525975345972046     
   2200.0000000000000       0.80737115038224205     
   2300.0000000000000       0.79955909917705137     
   2400.0000000000000       0.79182285697635868     
   2500.0000000000000       0.78416168812124021     
   2600.0000000000000       0.77657486409169230     
   2700.0000000000000       0.76906166343734450     
   2800.0000000000000       0.76162137170886401     
   2900.0000000000000       0.75425328139001302     
   3000.0000000000000       0.74695669183036495     
   3100.0000000000000       0.73973090917868789     
   3200.0000000000000       0.73257524631695259     
   3300.0000000000000       0.72548902279500449     
   3400.0000000000000       0.71847156476584717     
   3500.0000000000000       0.71152220492157314     
   3600.0000000000000       0.70464028242990417     
   3700.0000000000000       0.69782514287134778     
   3800.0000000000000       0.69107613817697500     
   3900.0000000000000       0.68439262656678412     
   4000.0000000000000       0.67777397248868210     
   4100.0000000000000       0.67121954655803862     
   4200.0000000000000       0.66472872549784567     
   4300.0000000000000       0.65830089207943931     
   4400.0000000000000       0.65193543506381391     
   4500.0000000000000       0.64563174914349442     
   4600.0000000000000       0.63938923488497290     
   4700.0000000000000       0.63320729867171410     
   4800.0000000000000       0.62708535264769916     
   4900.0000000000000       0.62102281466153264     
   5000.0000000000000       0.61501910821107619     
   5100.0000000000000       0.60907366238863581     
   5200.0000000000000       0.60318591182666448     
   5300.0000000000000       0.59735529664400699     
   5400.0000000000000       0.59158126239265685     
   5500.0000000000000       0.58586326000502842     
   5600.0000000000000       0.58020074574175284     
   5700.0000000000000       0.57459318113996372     
   5800.0000000000000       0.56904003296210159     
   5900.0000000000000       0.56354077314519890     
   6000.0000000000000       0.55809487875067232     
   6100.0000000000000       0.55270183191459199     
   6200.0000000000000       0.54736111979843372     
   6300.0000000000000       0.54207223454031861     
   6400.0000000000000       0.53683467320671152     
   6500.0000000000000       0.53164793774460350     
   6600.0000000000000       0.52651153493414293     
   6700.0000000000000       0.52142497634174179     
   6800.0000000000000       0.51638777827362159     
   6900.0000000000000       0.51139946172982498     
   7000.0000000000000       0.50645955235865958     
   7100.0000000000000       0.50156758041159655     
   7200.0000000000000       0.49672308069859844     
   7300.0000000000000       0.49192559254388052     
   7400.0000000000000       0.48717465974210994     
   7500.0000000000000       0.48246983051501746     
   7600.0000000000000       0.47781065746844287     
   7700.0000000000000       0.47319669754978511     
   7800.0000000000000       0.46862751200587655     
   7900.0000000000000       0.46410266634125880     
   8000.0000000000000       0.45962173027686248     
   8100.0000000000000       0.45518427770909720     
   8200.0000000000000       0.45078988666932529     
   8300.0000000000000       0.44643813928374232     
   8400.0000000000000       0.44212862173363426     
   8500.0000000000000       0.43786092421603240     
   8600.0000000000000       0.43363464090473808     
   8700.0000000000000       0.42944936991173704     
   8800.0000000000000       0.42530471324898050     
   8900.0000000000000       0.42120027679053723     
   9000.0000000000000       0.41713567023512049     
   9100.0000000000000       0.41311050706896707     
   9200.0000000000000       0.40912440452908894     
   9300.0000000000000       0.40517698356686910     
   9400.0000000000000       0.40126786881202320     
   9500.0000000000000       0.39739668853689825     
   9600.0000000000000       0.39356307462112977     
   9700.0000000000000       0.38976666251663356     
   9800.0000000000000       0.38600709121293814     
   9900.0000000000000       0.38228400320286010     
   10000.000000000000       0.37859704444850240     
   10100.000000000000       0.37494586434759342     
   10200.000000000000       0.37133011570014179     
   10300.000000000000       0.36774945467542514     
   10400.000000000000       0.36420354077929218     
   10500.000000000000       0.36069203682178247     
   10600.000000000000       0.35721460888506651     
   10700.000000000000       0.35377092629168783     
   10800.000000000000       0.35036066157312257     
   10900.000000000000       0.34698349043863530     
   11000.000000000000       0.34363909174444579     
   11100.000000000000       0.34032714746318621     
   11200.000000000000       0.33704734265366332     
   11300.000000000000       0.33379936543090594     
   11400.000000000000       0.33058290693651043     
   11500.000000000000       0.32739766130926917     
   11600.000000000000       0.32424332565608366     
   11700.000000000000       0.32111960002316553     
   11800.000000000000       0.31802618736750893     
   11900.000000000000       0.31496279352864798     
   12000.000000000000       0.31192912720068039     
   12100.000000000000       0.30892489990456984     
   12200.000000000000       0.30594982596071241     
   12300.000000000000       0.30300362246176893     
   12400.000000000000       0.30008600924576617     
   12500.000000000000       0.29719670886945149     
   12600.000000000000       0.29433544658191424     
   12700.000000000000       0.29150195029845466     
   12800.000000000000       0.28869595057471442     
   12900.000000000000       0.28591718058105303     
   13000.000000000000       0.28316537607717301     
   13100.000000000000       0.28044027538699379     
   13200.000000000000       0.27774161937376945     
   13300.000000000000       0.27506915141544547     
   13400.000000000000       0.27242261738025442     
   13500.000000000000       0.26980176560255359     
   13600.000000000000       0.26720634685888939     
   13700.000000000000       0.26463611434430195     
   13800.000000000000       0.26209082364885200     
   13900.000000000000       0.25957023273438257     
   14000.000000000000       0.25707410191150165     
   14100.000000000000       0.25460219381678811     
   14200.000000000000       0.25215427339022328     
   14300.000000000000       0.24973010785283520     
   14400.000000000000       0.24732946668456615     
   14500.000000000000       0.24495212160234897     
   14600.000000000000       0.24259784653840150     
   14700.000000000000       0.24026641761872850     
   14800.000000000000       0.23795761314183109     
   14900.000000000000       0.23567121355762796     
   15000.000000000000       0.23340700144657431     
   15100.000000000000       0.23116476149899001     
   15200.000000000000       0.22894428049458229     
   15300.000000000000       0.22674534728217308     
   15400.000000000000       0.22456775275961705     
   15500.000000000000       0.22241128985392064     
   15600.000000000000       0.22027575350154779     
   15700.000000000000       0.21816094062892286     
   15800.000000000000       0.21606665013311832     
   15900.000000000000       0.21399268286273071     
   16000.000000000000       0.21193884159894494     
   16100.000000000000       0.20990493103677771     
   16200.000000000000       0.20789075776650809     
   16300.000000000000       0.20589613025528306     
   16400.000000000000       0.20392085882890643     
   16500.000000000000       0.20196475565380137     
   16600.000000000000       0.20002763471914761     
   16700.000000000000       0.19810931181919583     
   16800.000000000000       0.19620960453574815     
   16900.000000000000       0.19432833222081430     
   17000.000000000000       0.19246531597943065     
   17100.000000000000       0.19062037865265094     
   17200.000000000000       0.18879334480069898     
   17300.000000000000       0.18698404068628457     
   17400.000000000000       0.18519229425808356     
   17500.000000000000       0.18341793513437718     
   17600.000000000000       0.18166079458684975     
   17700.000000000000       0.17992070552454278     
   17800.000000000000       0.17819750247796801     
   17900.000000000000       0.17649102158337007     
   18000.000000000000       0.17480110056714684     
   18100.000000000000       0.17312757873041573     
   18200.000000000000       0.17147029693373481     
   18300.000000000000       0.16982909758196868     
   18400.000000000000       0.16820382460930178     
   18500.000000000000       0.16659432346439929     
   18600.000000000000       0.16500044109570872     
   18700.000000000000       0.16342202593690752     
   18800.000000000000       0.16185892789248849     
   18900.000000000000       0.16031099832348850     
   19000.000000000000       0.15877809003335333     
   19100.000000000000       0.15726005725393941     
   19200.000000000000       0.15575675563165442     
   19300.000000000000       0.15426804221372811     
   19400.000000000000       0.15279377543462069     
   19500.000000000000       0.15133381510255892     
   19600.000000000000       0.14988802238620694     
   19700.000000000000       0.14845625980146243     
   19800.000000000000       0.14703839119838505     
   19900.000000000000       0.14563428174824727     
   20000.000000000000       0.14424379793071532     
   20100.000000000000       0.14286680752115125     
   20200.000000000000       0.14150317957803896     
   20300.000000000000       0.14015278443053414     
   20400.000000000000       0.13881549366613161     
   20500.000000000000       0.13749118011845632     
   20600.000000000000       0.13617971785516872     
   20700.000000000000       0.13488098216599123     
   20800.000000000000       0.13359484955084855     
   20900.000000000000       0.13232119770812303     
   21000.000000000000       0.13105990552302624     
   21100.000000000000       0.12981085305608012     
   21200.000000000000       0.12857392153171335     
   21300.000000000000       0.12734899332696498     
   21400.000000000000       0.12613595196030089     
   21500.000000000000       0.12493468208053650     
   21600.000000000000       0.12374506945586748     
   21700.000000000000       0.12256700096300746     
   21800.000000000000       0.12140036457643130     
   21900.000000000000       0.12024504935772190     
   22000.000000000000       0.11910094544502016     
   22100.000000000000       0.11796794404257931     
   22200.000000000000       0.11684593741041772     
   22300.000000000000       0.11573481885407522     
   22400.000000000000       0.11463448271446554     
   22500.000000000000       0.11354482435783050     
   22600.000000000000       0.11246574016578935     
   22700.000000000000       0.11139712752548496     
   22800.000000000000       0.11033888481982743     
   22900.000000000000       0.10929091141782948     
   23000.000000000000       0.10825310766503879     
   23100.000000000000       0.10722537487406009     
   23200.000000000000       0.10620761531517196     
   23300.000000000000       0.10519973220703299     
   23400.000000000000       0.10420162970747812     
   23500.000000000000       0.10321321290440531     
   23600.000000000000       0.10223438780675027     
   23700.000000000000       0.10126506133554841     
   23800.000000000000       0.10030514131508306     
   23900.000000000000        9.9354536464121429E-002
   24000.000000000000        9.8413156387233816E-002
   24100.000000000000        9.7480911566197398E-002
   24200.000000000000        9.6557713351483984E-002
   24300.000000000000        9.5643473953830591E-002
   24400.000000000000        9.4738106435890826E-002
   24500.000000000000        9.3841524703967394E-002
   24600.000000000000        9.2953643499826377E-002
   24700.000000000000        9.2074378392588474E-002
   24800.000000000000        9.1203645770701600E-002
   24900.000000000000        9.0341362833988720E-002
   25000.000000000000        8.9487447585775259E-002
   25100.000000000000        8.8641818825091492E-002
   25200.000000000000        8.7804396138950261E-002
   25300.000000000000        8.6975099894701591E-002
   25400.000000000000        8.6153851232458847E-002
   25500.000000000000        8.5340572057601011E-002
   25600.000000000000        8.4535185033345311E-002
   25700.000000000000        8.3737613573394001E-002
   25800.000000000000        8.2947781834651235E-002
   25900.000000000000        8.2165614710010618E-002
   26000.000000000000        8.1391037821213402E-002
   26100.000000000000        8.0623977511775899E-002
   26200.000000000000        7.9864360839985049E-002
   26300.000000000000        7.9112115571961780E-002
   26400.000000000000        7.8367170174793110E-002
   26500.000000000000        7.7629453809728743E-002
   26600.000000000000        7.6898896325445956E-002
   26700.000000000000        7.6175428251377644E-002
   26800.000000000000        7.5458980791107147E-002
   26900.000000000000        7.4749485815825772E-002
   27000.000000000000        7.4046875857853911E-002
   27100.000000000000        7.3351084104226250E-002
   27200.000000000000        7.2662044390337341E-002
   27300.000000000000        7.1979691193650858E-002
   27400.000000000000        7.1303959627467842E-002
   27500.000000000000        7.0634785434757416E-002
   27600.000000000000        6.9972104982045980E-002
   27700.000000000000        6.9315855253365907E-002
   27800.000000000000        6.8665973844263498E-002
   27900.000000000000        6.8022398955864913E-002
   28000.000000000000        6.7385069388999463E-002
   28100.000000000000        6.6753924538379514E-002
   28200.000000000000        6.6128904386838203E-002
   28300.000000000000        6.5509949499621870E-002
   28400.000000000000        6.4897001018737993E-002
   28500.000000000000        6.4290000657358487E-002
   28600.000000000000        6.3688890694277286E-002
   28700.000000000000        6.3093613968421280E-002
   28800.000000000000        6.2504113873414341E-002
   28900.000000000000        6.1920334352195273E-002
   29000.000000000000        6.1342219891686395E-002
   29100.000000000000        6.0769715517515414E-002
   29200.000000000000        6.0202766788786999E-002
   29300.000000000000        5.9641319792906544E-002
   29400.000000000000        5.9085321140453222E-002
   29500.000000000000        5.8534717960102706E-002
   29600.000000000000        5.7989457893600202E-002
   29700.000000000000        5.7449489090780820E-002
   29800.000000000000        5.6914760204639737E-002
   29900.000000000000        5.6385220386448741E-002
   30000.000000000000        5.5860819280921563E-002
   30100.000000000000        5.5341507021425151E-002
   30200.000000000000        5.4827234225237602E-002
   30300.000000000000        5.4317951988852330E-002
   30400.000000000000        5.3813611883327984E-002
   30500.000000000000        5.3314165949682968E-002
   30600.000000000000        5.2819566694334644E-002
   30700.000000000000        5.2329767084583700E-002
   30800.000000000000        5.1844720544140958E-002
   30900.000000000000        5.1364380948699016E-002
   31000.000000000000        5.0888702621545476E-002
   31100.000000000000        5.0417640329220061E-002
   31200.000000000000        4.9951149277212947E-002
   31300.000000000000        4.9489185105704929E-002
   31400.000000000000        4.9031703885349678E-002
   31500.000000000000        4.8578662113095777E-002
   31600.000000000000        4.8130016708050498E-002
   31700.000000000000        4.7685725007382558E-002
   31800.000000000000        4.7245744762265666E-002
   31900.000000000000        4.6810034133860860E-002
   32000.000000000000        4.6378551689337640E-002
   32100.000000000000        4.5951256397934313E-002
   32200.000000000000        4.5528107627056336E-002
   32300.000000000000        4.5109065138412362E-002
   32400.000000000000        4.4694089084187587E-002
   32500.000000000000        4.4283140003255034E-002
   32600.000000000000        4.3876178817422840E-002
   32700.000000000000        4.3473166827718068E-002
   32800.000000000000        4.3074065710706877E-002
   32900.000000000000        4.2678837514850389E-002
   33000.000000000000        4.2287444656895629E-002
   33100.000000000000        4.1899849918301424E-002
   33200.000000000000        4.1516016441699728E-002
   33300.000000000000        4.1135907727390147E-002
   33400.000000000000        4.0759487629869688E-002
   33500.000000000000        4.0386720354395007E-002
   33600.000000000000        4.0017570453579093E-002
   33700.000000000000        3.9652002824020302E-002
   33800.000000000000        3.9289982702964035E-002
   33900.000000000000        3.8931475664997571E-002
   34000.000000000000        3.8576447618775905E-002
   34100.000000000000        3.8224864803780470E-002
   34200.000000000000        3.7876693787108215E-002
   34300.000000000000        3.7531901460292859E-002
   34400.000000000000        3.7190455036156318E-002
   34500.000000000000        3.6852322045690764E-002
   34600.000000000000        3.6517470334971207E-002
   34700.000000000000        3.6185868062097989E-002
   34800.000000000000        3.5857483694168760E-002
   34900.000000000000        3.5532286004279739E-002
   35000.000000000000        3.5210244068556690E-002
   35100.000000000000        3.4891327263213839E-002
   35200.000000000000        3.4575505261642200E-002
   35300.000000000000        3.4262748031525334E-002
   35400.000000000000        3.3953025831983868E-002
   35500.000000000000        3.3646309210747190E-002
   35600.000000000000        3.3342569001352608E-002
   35700.000000000000        3.3041776320372196E-002
   35800.000000000000        3.2743902564665785E-002
   35900.000000000000        3.2448919408661438E-002
   36000.000000000000        3.2156798801661474E-002
   36100.000000000000        3.1867512965175426E-002
   36200.000000000000        3.1581034390278352E-002
   36300.000000000000        3.1297335834994840E-002
   36400.000000000000        3.1016390321708619E-002
   36500.000000000000        3.0738171134597255E-002
   36600.000000000000        3.0462651817091610E-002
   36700.000000000000        3.0189806169359849E-002
   36800.000000000000        2.9919608245816336E-002
   36900.000000000000        2.9652032352654258E-002
   37000.000000000000        2.9387053045402227E-002
   37100.000000000000        2.9124645126504804E-002
   37200.000000000000        2.8864783642926505E-002
   37300.000000000000        2.8607443883778838E-002
   37400.000000000000        2.8352601377970361E-002
   37500.000000000000        2.8100231891879976E-002
   37600.000000000000        2.7850311427052122E-002
   37700.000000000000        2.7602816217915088E-002
   37800.000000000000        2.7357722729520688E-002
   37900.000000000000        2.7115007655306611E-002
   38000.000000000000        2.6874647914879982E-002
   38100.000000000000        2.6636620651822474E-002
   38200.000000000000        2.6400903231517132E-002
   38300.000000000000        2.6167473238995629E-002
   38400.000000000000        2.5936308476807148E-002
   38500.000000000000        2.5707386962907187E-002
   38600.000000000000        2.5480686928567566E-002
   38700.000000000000        2.5256186816306231E-002
   38800.000000000000        2.5033865277837228E-002
   38900.000000000000        2.4813701172040709E-002
   39000.000000000000        2.4595673562952666E-002
   39100.000000000000        2.4379761717773996E-002
   39200.000000000000        2.4165945104898834E-002
   39300.000000000000        2.3954203391962425E-002
   39400.000000000000        2.3744516443907387E-002
   39500.000000000000        2.3536864321069283E-002
   39600.000000000000        2.3331227277280236E-002
   39700.000000000000        2.3127585757991457E-002
   39800.000000000000        2.2925920398413652E-002
   39900.000000000000        2.2726212021675470E-002
   40000.000000000000        2.2528441637000164E-002
   40100.000000000000        2.2332590437899445E-002
   40200.000000000000        2.2138639800385385E-002
   40300.000000000000        2.1946571281199149E-002
   40400.000000000000        2.1756366616057416E-002
   40500.000000000000        2.1568007717915488E-002
   40600.000000000000        2.1381476675247261E-002
   40700.000000000000        2.1196755750342060E-002
   40800.000000000000        2.1013827377617967E-002
   40900.000000000000        2.0832674161951403E-002
   41000.000000000000        2.0653278877022889E-002
   41100.000000000000        2.0475624463679142E-002
   41200.000000000000        2.0299694028310774E-002
   41300.000000000000        2.0125470841245784E-002
   41400.000000000000        1.9952938335158748E-002
   41500.000000000000        1.9782080103495452E-002
   41600.000000000000        1.9612879898912691E-002
   41700.000000000000        1.9445321631733199E-002
   41800.000000000000        1.9279389368415684E-002
   41900.000000000000        1.9115067330039877E-002
   42000.000000000000        1.8952339890805695E-002
   42100.000000000000        1.8791191576547583E-002
   42200.000000000000        1.8631607063263035E-002
   42300.000000000000        1.8473571175655366E-002
   42400.000000000000        1.8317068885690572E-002
   42500.000000000000        1.8162085311168349E-002
   42600.000000000000        1.8008605714306961E-002
   42700.000000000000        1.7856615500341719E-002
   42800.000000000000        1.7706100216137062E-002
   42900.000000000000        1.7557045548812326E-002
   43000.000000000000        1.7409437324380612E-002
   43100.000000000000        1.7263261506400906E-002
   43200.000000000000        1.7118504194643353E-002
   43300.000000000000        1.6975151623767514E-002
   43400.000000000000        1.6833190162013328E-002
   43500.000000000000        1.6692606309904753E-002
   43600.000000000000        1.6553386698966232E-002
   43700.000000000000        1.6415518090451359E-002
   43800.000000000000        1.6278987374083932E-002
   43900.000000000000        1.6143781566811309E-002
   44000.000000000000        1.6009887811569878E-002
   44100.000000000000        1.5877293376062376E-002
   44200.000000000000        1.5745985651547115E-002
   44300.000000000000        1.5615952151638987E-002
   44400.000000000000        1.5487180511122295E-002
   44500.000000000000        1.5359658484774606E-002
   44600.000000000000        1.5233373946202500E-002
   44700.000000000000        1.5108314886688460E-002
   44800.000000000000        1.4984469414048881E-002
   44900.000000000000        1.4861825751503173E-002
   45000.000000000000        1.4740372236553922E-002
   45100.000000000000        1.4620097319877918E-002
   45200.000000000000        1.4500989564227847E-002
   45300.000000000000        1.4383037643344644E-002
   45400.000000000000        1.4266230340880573E-002
   45500.000000000000        1.4150556549332564E-002
   45600.000000000000        1.4036005268985937E-002
   45700.000000000000        1.3922565606868463E-002
   45800.000000000000        1.3810226775714548E-002
   45900.000000000000        1.3698978092939410E-002
   46000.000000000000        1.3588808979623208E-002
   46100.000000000000        1.3479708959505081E-002
   46200.000000000000        1.3371667657987077E-002
   46300.000000000000        1.3264674801147363E-002
   46400.000000000000        1.3158720214763399E-002
   46500.000000000000        1.3053793823344449E-002
   46600.000000000000        1.2949885649173459E-002
   46700.000000000000        1.2846985811358196E-002
   46800.000000000000        1.2745084524891689E-002
   46900.000000000000        1.2644172099721795E-002
   47000.000000000000        1.2544238939829701E-002
   47100.000000000000        1.2445275542317358E-002
   47200.000000000000        1.2347272496503947E-002
   47300.000000000000        1.2250220483030922E-002
   47400.000000000000        1.2154110272975790E-002
   47500.000000000000        1.2058932726974536E-002
   47600.000000000000        1.1964678794352569E-002
   47700.000000000000        1.1871339512264045E-002
   47800.000000000000        1.1778906004839513E-002
   47900.000000000000        1.1687369482341977E-002
   48000.000000000000        1.1596721240331025E-002
   48100.000000000000        1.1506952658835057E-002
   48200.000000000000        1.1418055201531625E-002
   48300.000000000000        1.1330020414935726E-002
   48400.000000000000        1.1242839927595907E-002
   48500.000000000000        1.1156505449298167E-002
   48600.000000000000        1.1071008770277641E-002
   48700.000000000000        1.0986341760438013E-002
   48800.000000000000        1.0902496368578233E-002
   48900.000000000000        1.0819464621627001E-002
   49000.000000000000        1.0737238623884610E-002
   49100.000000000000        1.0655810556272089E-002
   49200.000000000000        1.0575172675587646E-002
   49300.000000000000        1.0495317313770363E-002
   49400.000000000000        1.0416236877171067E-002
   49500.000000000000        1.0337923845830188E-002
   49600.000000000000        1.0260370772762626E-002
   49700.000000000000        1.0183570283249690E-002
   49800.000000000000        1.0107515074137770E-002
   49900.000000000000        1.0032197913143829E-002
   50000.000000000000        9.9576116381677095E-003
   50100.000000000000        9.8837491566110824E-003
   50200.000000000000        9.8106034447029786E-003
   50300.000000000000        9.7381675468318427E-003
   50400.000000000000        9.6664345748841297E-003
   50500.000000000000        9.5953977075893850E-003
   50600.000000000000        9.5250501898714330E-003
   50700.000000000000        9.4553853322061170E-003
   50800.000000000000        9.3863965099851791E-003
   50900.000000000000        9.3180771628862923E-003
   51000.000000000000        9.2504207942491982E-003
   51100.000000000000        9.1834209704579339E-003
   51200.000000000000        9.1170713203290888E-003
   51300.000000000000        9.0513655345059122E-003
   51400.000000000000        8.9862973648583092E-003
   51500.000000000000        8.9218606238887655E-003
   51600.000000000000        8.8580491841439169E-003
   51700.000000000000        8.7948569776318663E-003
   51800.000000000000        8.7322779952451728E-003
   51900.000000000000        8.6703062861894602E-003
   52000.000000000000        8.6089359574175097E-003
   52100.000000000000        8.5481611730688564E-003
   52200.000000000000        8.4879761539148977E-003
   52300.000000000000        8.4283751768092965E-003
   52400.000000000000        8.3693525741437413E-003
   52500.000000000000        8.3109027333090144E-003
   52600.000000000000        8.2530200961612957E-003
   52700.000000000000        8.1956991584936009E-003
   52800.000000000000        8.1389344695123652E-003
   52900.000000000000        8.0827206313191027E-003
   53000.000000000000        8.0270522983971956E-003
   53100.000000000000        7.9719241771034465E-003
   53200.000000000000        7.9173310251647623E-003
   53300.000000000000        7.8632676511796659E-003
   53400.000000000000        7.8097289141246130E-003
   53500.000000000000        7.7567097228650947E-003
   53600.000000000000        7.7042050356715339E-003
   53700.000000000000        7.6522098597398697E-003
   53800.000000000000        7.6007192507167622E-003
   53900.000000000000        7.5497283122293903E-003
   54000.000000000000        7.4992321954199057E-003
   54100.000000000000        7.4492260984843055E-003
   54200.000000000000        7.3997052662158076E-003
   54300.000000000000        7.3506649895526740E-003
   54400.000000000000        7.3021006051304429E-003
   54500.000000000000        7.2540074948384513E-003
   54600.000000000000        7.2063810853806743E-003
   54700.000000000000        7.1592168478408456E-003
   54800.000000000000        7.1125102972518540E-003
   54900.000000000000        7.0662569921691488E-003
   55000.000000000000        7.0204525342484544E-003
   55100.000000000000        6.9750925678275320E-003
   55200.000000000000        6.9301727795119637E-003
   55300.000000000000        6.8856888977649744E-003
   55400.000000000000        6.8416366925012490E-003
   55500.000000000000        6.7980119746847006E-003
   55600.000000000000        6.7548105959301125E-003
   55700.000000000000        6.7120284481086284E-003
   55800.000000000000        6.6696614629571521E-003
   55900.000000000000        6.6277056116914607E-003
   56000.000000000000        6.5861569046230736E-003
   56100.000000000000        6.5450113907798996E-003
   56200.000000000000        6.5042651575305185E-003
   56300.000000000000        6.4639143302121210E-003
   56400.000000000000        6.4239550717620324E-003
   56500.000000000000        6.3843835823528712E-003
   56600.000000000000        6.3451960990312077E-003
   56700.000000000000        6.3063888953597044E-003
   56800.000000000000        6.2679582810627864E-003
   56900.000000000000        6.2299006016757301E-003
   57000.000000000000        6.1922122381971425E-003
   57100.000000000000        6.1548896067448022E-003
   57200.000000000000        6.1179291582148694E-003
   57300.000000000000        6.0813273779444406E-003
   57400.000000000000        6.0450807853772454E-003
   57500.000000000000        6.0091859337327207E-003
   57600.000000000000        5.9736394096782559E-003
   57700.000000000000        5.9384378330045963E-003
   57800.000000000000        5.9035778563043938E-003
   57900.000000000000        5.8690561646539147E-003
   58000.000000000000        5.8348694752978162E-003
   58100.000000000000        5.8010145373369789E-003
   58200.000000000000        5.7674881314193471E-003
   58300.000000000000        5.7342870694338296E-003
   58400.000000000000        5.7014081942071138E-003
   58500.000000000000        5.6688483792034366E-003
   58600.000000000000        5.6366045282272795E-003
   58700.000000000000        5.6046735751289576E-003
   58800.000000000000        5.5730524835130406E-003
   58900.000000000000        5.5417382464496021E-003
   59000.000000000000        5.5107278861882877E-003
   59100.000000000000        5.4800184538751958E-003
   59200.000000000000        5.4496070292723922E-003
   59300.000000000000        5.4194907204802604E-003
   59400.000000000000        5.3896666636625047E-003
   59500.000000000000        5.3601320227738142E-003
   59600.000000000000        5.3308839892901617E-003
   59700.000000000000        5.3019197819417462E-003
   59800.000000000000        5.2732366464485255E-003
   59900.000000000000        5.2448318552582949E-003
   60000.000000000000        5.2167027072873001E-003
   60100.000000000000        5.1888465276634143E-003
   60200.000000000000        5.1612606674717679E-003
   60300.000000000000        5.1339425035028417E-003
   60400.000000000000        5.1068894380030278E-003
   60500.000000000000        5.0800988984276169E-003
   60600.000000000000        5.0535683371961560E-003
   60700.000000000000        5.0272952314501795E-003
   60800.000000000000        5.0012770828133319E-003
   60900.000000000000        4.9755114171537770E-003
   61000.000000000000        4.9499957843489161E-003
   61100.000000000000        4.9247277580524093E-003
   61200.000000000000        4.8997049354634597E-003
   61300.000000000000        4.8749249370983114E-003
   61400.000000000000        4.8503854065639757E-003
   61500.000000000000        4.8260840103341498E-003
   61600.000000000000        4.8020184375273597E-003
   61700.000000000000        4.7781863996871499E-003
   61800.000000000000        4.7545856305645038E-003
   61900.000000000000        4.7312138859023417E-003
   62000.000000000000        4.7080689432221030E-003
   62100.000000000000        4.6851486016123954E-003
   62200.000000000000        4.6624506815197107E-003
   62300.000000000000        4.6399730245411785E-003
   62400.000000000000        4.6177134932193073E-003
   62500.000000000000        4.5956699708387134E-003
   62600.000000000000        4.5738403612248677E-003
   62700.000000000000        4.5522225885447475E-003
   62800.000000000000        4.5308145971094324E-003
   62900.000000000000        4.5096143511786386E-003
   63000.000000000000        4.4886198347671323E-003
   63100.000000000000        4.4678290514530254E-003
   63200.000000000000        4.4472400241879206E-003
   63300.000000000000        4.4268507951089079E-003
   63400.000000000000        4.4066594253524220E-003
   63500.000000000000        4.3866639948698157E-003
   63600.000000000000        4.3668626022448139E-003
   63700.000000000000        4.3472533645126966E-003
   63800.000000000000        4.3278344169812456E-003
   63900.000000000000        4.3086039130534100E-003
   64000.000000000000        4.2895600240517202E-003
   64100.000000000000        4.2707009390444053E-003
   64200.000000000000        4.2520248646731691E-003
   64300.000000000000        4.2335300249826558E-003
   64400.000000000000        4.2152146612515857E-003
   64500.000000000000        4.1970770318255019E-003
   64600.000000000000        4.1791154119511491E-003
   64700.000000000000        4.1613280936124665E-003
   64800.000000000000        4.1437133853681760E-003
   64900.000000000000        4.1262696121909309E-003
   65000.000000000000        4.1089951153080269E-003
   65100.000000000000        4.0918882520436786E-003
   65200.000000000000        4.0749473956628104E-003
   65300.000000000000        4.0581709352163547E-003
   65400.000000000000        4.0415572753880720E-003
   65500.000000000000        4.0251048363428524E-003
   65600.000000000000        4.0088120535764797E-003
   65700.000000000000        3.9926773777668543E-003
   65800.000000000000        3.9766992746266636E-003
   65900.000000000000        3.9608762247575072E-003
   66000.000000000000        3.9452067235053751E-003
   66100.000000000000        3.9296892808175898E-003
   66200.000000000000        3.9143224211011136E-003
   66300.000000000000        3.8991046830822267E-003
   66400.000000000000        3.8840346196675635E-003
   66500.000000000000        3.8691107978065130E-003
   66600.000000000000        3.8543317983549498E-003
   66700.000000000000        3.8396962159402796E-003
   66800.000000000000        3.8252026588277894E-003
   66900.000000000000        3.8108497487883220E-003
   67000.000000000000        3.7966361209672080E-003
   67100.000000000000        3.7825604237544707E-003
   67200.000000000000        3.7686213186563077E-003
   67300.000000000000        3.7548174801678110E-003
   67400.000000000000        3.7411475956469192E-003
   67500.000000000000        3.7276103651895883E-003
   67600.000000000000        3.7142045015061843E-003
   67700.000000000000        3.7009287297990871E-003
   67800.000000000000        3.6877817876414397E-003
   67900.000000000000        3.6747624248571155E-003
   68000.000000000000        3.6618694034018409E-003
   68100.000000000000        3.6491014972454580E-003
   68200.000000000000        3.6364574922553372E-003
   68300.000000000000        3.6239361860809262E-003
   68400.000000000000        3.6115363880394173E-003
   68500.000000000000        3.5992569190025211E-003
   68600.000000000000        3.5870966112843327E-003
   68700.000000000000        3.5750543085303049E-003
   68800.000000000000        3.5631288656072825E-003
   68900.000000000000        3.5513191484946058E-003
   69000.000000000000        3.5396240341762741E-003
   69100.000000000000        3.5280424105341634E-003
   69200.000000000000        3.5165731762422658E-003
   69300.000000000000        3.5052152406619555E-003
   69400.000000000000        3.4939675237382903E-003
   69500.000000000000        3.4828289558973013E-003
   69600.000000000000        3.4717984779442769E-003
   69700.000000000000        3.4608750409630467E-003
   69800.000000000000        3.4500576062162511E-003
   69900.000000000000        3.4393451450465376E-003
   70000.000000000000        3.4287366387787646E-003
   70100.000000000000        3.4182310786231205E-003
   70200.000000000000        3.4078274655792136E-003
   70300.000000000000        3.3975248103410493E-003
   70400.000000000000        3.3873221332029724E-003
   70500.000000000000        3.3772184639664950E-003
   70600.000000000000        3.3672128418480518E-003
   70700.000000000000        3.3573043153876190E-003
   70800.000000000000        3.3474919423582420E-003
   70900.000000000000        3.3377747896764531E-003
   71000.000000000000        3.3281519333135186E-003
   71100.000000000000        3.3186224582075806E-003
   71200.000000000000        3.3091854581766529E-003
   71300.000000000000        3.2998400358324291E-003
   71400.000000000000        3.2905853024949600E-003
   71500.000000000000        3.2814203781081457E-003
   71600.000000000000        3.2723443911560428E-003
   71700.000000000000        3.2633564785800057E-003
   71800.000000000000        3.2544557856965944E-003
   71900.000000000000        3.2456414661163114E-003
   72000.000000000000        3.2369126816631250E-003
   72100.000000000000        3.2282686022947469E-003
   72200.000000000000        3.2197084060237107E-003
   72300.000000000000        3.2112312788392158E-003
   72400.000000000000        3.2028364146297022E-003
   72500.000000000000        3.1945230151062100E-003
   72600.000000000000        3.1862902897264612E-003
   72700.000000000000        3.1781374556196849E-003
   72800.000000000000        3.1700637375121840E-003
   72900.000000000000        3.1620683676535921E-003
   73000.000000000000        3.1541505857438784E-003
   73100.000000000000        3.1463096388610551E-003
   73200.000000000000        3.1385447813895638E-003
   73300.000000000000        3.1308552749493819E-003
   73400.000000000000        3.1232403883258153E-003
   73500.000000000000        3.1156993973999506E-003
   73600.000000000000        3.1082315850798035E-003
   73700.000000000000        3.1008362412321367E-003
   73800.000000000000        3.0935126626149166E-003
   73900.000000000000        3.0862601528104504E-003
   74000.000000000000        3.0790780221591593E-003
   74100.000000000000        3.0719655876939936E-003
   74200.000000000000        3.0649221730754996E-003
   74300.000000000000        3.0579471085274879E-003
   74400.000000000000        3.0510397307733513E-003
   74500.000000000000        3.0441993829729988E-003
   74600.000000000000        3.0374254146603805E-003
   74700.000000000000        3.0307171816816416E-003
   74800.000000000000        3.0240740461338735E-003
   74900.000000000000        3.0174953763044405E-003
   75000.000000000000        3.0109805466109183E-003
   75100.000000000000        3.0045289375416036E-003
   75200.000000000000        2.9981399355965997E-003
   75300.000000000000        2.9918129332294889E-003
   75400.000000000000        2.9855473287895423E-003
   75500.000000000000        2.9793425264645159E-003
   75600.000000000000        2.9731979362240019E-003
   75700.000000000000        2.9671129737633035E-003
   75800.000000000000        2.9610870604478826E-003
   75900.000000000000        2.9551196232583399E-003
   76000.000000000000        2.9492100947359134E-003
   76100.000000000000        2.9433579129285259E-003
   76200.000000000000        2.9375625213373417E-003
   76300.000000000000        2.9318233688638579E-003
   76400.000000000000        2.9261399097574867E-003
   76500.000000000000        2.9205116035636650E-003
   76600.000000000000        2.9149379150724582E-003
   76700.000000000000        2.9094183142676752E-003
   76800.000000000000        2.9039522762764527E-003
   76900.000000000000        2.8985392813193527E-003
   77000.000000000000        2.8931788146609383E-003
   77100.000000000000        2.8878703665608184E-003
   77200.000000000000        2.8826134322251771E-003
   77300.000000000000        2.8774075117587788E-003
   77400.000000000000        2.8722521101174217E-003
   77500.000000000000        2.8671467370608690E-003
   77600.000000000000        2.8620909071062281E-003
   77700.000000000000        2.8570841394817857E-003
   77800.000000000000        2.8521259580812936E-003
   77900.000000000000        2.8472158914186869E-003
   78000.000000000000        2.8423534725832531E-003
   78100.000000000000        2.8375382391952384E-003
   78200.000000000000        2.8327697333618666E-003
   78300.000000000000        2.8280475016338041E-003
   78400.000000000000        2.8233710949620446E-003
   78500.000000000000        2.8187400686551980E-003
   78600.000000000000        2.8141539823372096E-003
   78700.000000000000        2.8096123999054807E-003
   78800.000000000000        2.8051148894894054E-003
   78900.000000000000        2.8006610234092930E-003
   79000.000000000000        2.7962503781357043E-003
   79100.000000000000        2.7918825342491760E-003
   79200.000000000000        2.7875570764003413E-003
   79300.000000000000        2.7832735932704247E-003
   79400.000000000000        2.7790316775321336E-003
   79500.000000000000        2.7748309258109295E-003
   79600.000000000000        2.7706709386466585E-003
   79700.000000000000        2.7665513204555739E-003
   79800.000000000000        2.7624716794927206E-003
   79900.000000000000        2.7584316278146757E-003
   80000.000000000000        2.7544307812426626E-003
   80100.000000000000        2.7504687593260190E-003
   80200.000000000000        2.7465451853060153E-003
   80300.000000000000        2.7426596860800350E-003
   80400.000000000000        2.7388118921660857E-003
   80500.000000000000        2.7350014376676694E-003
   80600.000000000000        2.7312279602389918E-003
   80700.000000000000        2.7274911010504977E-003
   80800.000000000000        2.7237905047547539E-003
   80900.000000000000        2.7201258194526619E-003
   81000.000000000000        2.7164966966599859E-003
   81100.000000000000        2.7129027912742220E-003
   81200.000000000000        2.7093437615417779E-003
   81300.000000000000        2.7058192690254754E-003
   81400.000000000000        2.7023289785723711E-003
   81500.000000000000        2.6988725582818788E-003
   81600.000000000000        2.6954496794742125E-003
   81700.000000000000        2.6920600166591346E-003
   81800.000000000000        2.6887032475049972E-003
   81900.000000000000        2.6853790528080933E-003
   82000.000000000000        2.6820871164623082E-003
   82100.000000000000        2.6788271254290521E-003
   82200.000000000000        2.6755987697074956E-003
   82300.000000000000        2.6724017423050963E-003
   82400.000000000000        2.6692357392083940E-003
   82500.000000000000        2.6661004593541153E-003
   82600.000000000000        2.6629956046005342E-003
   82700.000000000000        2.6599208796991240E-003
   82800.000000000000        2.6568759922664868E-003
   82900.000000000000        2.6538606527565412E-003
   83000.000000000000        2.6508745744329930E-003
   83100.000000000000        2.6479174733420713E-003
   83200.000000000000        2.6449890682855217E-003
   83300.000000000000        2.6420890807938679E-003
   83400.000000000000        2.6392172350999362E-003
   83500.000000000000        2.6363732581126207E-003
   83600.000000000000        2.6335568793909286E-003
   83700.000000000000        2.6307678311182545E-003
   83800.000000000000        2.6280058480769100E-003
   83900.000000000000        2.6252706676229160E-003
   84000.000000000000        2.6225620296610138E-003
   84100.000000000000        2.6198796766199388E-003
   84200.000000000000        2.6172233534279290E-003
   84300.000000000000        2.6145928074884639E-003
   84400.000000000000        2.6119877886562472E-003
   84500.000000000000        2.6094080492134234E-003
   84600.000000000000        2.6068533438460156E-003
   84700.000000000000        2.6043234296205995E-003
   84800.000000000000        2.6018180659612088E-003
   84900.000000000000        2.5993370146264456E-003
   85000.000000000000        2.5968800396868395E-003
   85100.000000000000        2.5944469075024007E-003
   85200.000000000000        2.5920373867004097E-003
   85300.000000000000        2.5896512481534146E-003
   85400.000000000000        2.5872882649574389E-003
   85500.000000000000        2.5849482124104079E-003
   85600.000000000000        2.5826308679907824E-003
   85700.000000000000        2.5803360113363948E-003
   85800.000000000000        2.5780634242234960E-003
   85900.000000000000        2.5758128905460070E-003
   86000.000000000000        2.5735841962949610E-003
   86100.000000000000        2.5713771295381620E-003
   86200.000000000000        2.5691914804000285E-003
   86300.000000000000        2.5670270410416279E-003
   86400.000000000000        2.5648836056409272E-003
   86500.000000000000        2.5627609703732083E-003
   86600.000000000000        2.5606589333916916E-003
   86700.000000000000        2.5585772948083425E-003
   86800.000000000000        2.5565158566748600E-003
   86900.000000000000        2.5544744229638555E-003
   87000.000000000000        2.5524527995502127E-003
   87100.000000000000        2.5504507941926258E-003
   87200.000000000000        2.5484682165153199E-003
   87300.000000000000        2.5465048779899496E-003
   87400.000000000000        2.5445605919176646E-003
   87500.000000000000        2.5426351734113657E-003
   87600.000000000000        2.5407284393781158E-003
   87700.000000000000        2.5388402085017325E-003
   87800.000000000000        2.5369703012255462E-003
   87900.000000000000        2.5351185397353240E-003
   88000.000000000000        2.5332847479423611E-003
   88100.000000000000        2.5314687514667398E-003
   88200.000000000000        2.5296703776207419E-003
   88300.000000000000        2.5278894553924292E-003
   88400.000000000000        2.5261258154293861E-003
   88500.000000000000        2.5243792900226055E-003
   88600.000000000000        2.5226497130905520E-003
   88700.000000000000        2.5209369201633627E-003
   88800.000000000000        2.5192407483672057E-003
   88900.000000000000        2.5175610364087976E-003
   89000.000000000000        2.5158976245600621E-003
   89100.000000000000        2.5142503546429400E-003
   89200.000000000000        2.5126190700143517E-003
   89300.000000000000        2.5110036155512987E-003
   89400.000000000000        2.5094038376361114E-003
   89500.000000000000        2.5078195841418457E-003
   89600.000000000000        2.5062507044178125E-003
   89700.000000000000        2.5046970492752525E-003
   89800.000000000000        2.5031584709731543E-003
   89900.000000000000        2.5016348232041966E-003
   90000.000000000000        2.5001259610808444E-003
   90100.000000000000        2.4986317411215650E-003
   90200.000000000000        2.4971520212371872E-003
   90300.000000000000        2.4956866607173897E-003
   90400.000000000000        2.4942355202173172E-003
   90500.000000000000        2.4927984617443338E-003
   90600.000000000000        2.4913753486448999E-003
   90700.000000000000        2.4899660455915758E-003
   90800.000000000000        2.4885704185701536E-003
   90900.000000000000        2.4871883348669167E-003
   91000.000000000000        2.4858196630560131E-003
   91100.000000000000        2.4844642729869651E-003
   91200.000000000000        2.4831220357722878E-003
   91300.000000000000        2.4817928237752351E-003
   91400.000000000000        2.4804765105976624E-003
   91500.000000000000        2.4791729710680059E-003
   91600.000000000000        2.4778820812293798E-003
   91700.000000000000        2.4766037183277922E-003
   91800.000000000000        2.4753377608004662E-003
   91900.000000000000        2.4740840882642853E-003
   92000.000000000000        2.4728425815043445E-003
   92100.000000000000        2.4716131224626109E-003
   92200.000000000000        2.4703955942267024E-003
   92300.000000000000        2.4691898810187667E-003
   92400.000000000000        2.4679958681844715E-003
   92500.000000000000        2.4668134421821043E-003
   92600.000000000000        2.4656424905717721E-003
   92700.000000000000        2.4644829020047127E-003
   92800.000000000000        2.4633345662127041E-003
   92900.000000000000        2.4621973739975787E-003
   93000.000000000000        2.4610712172208398E-003
   93100.000000000000        2.4599559887933799E-003
   93200.000000000000        2.4588515826652942E-003
   93300.000000000000        2.4577578938157988E-003
   93400.000000000000        2.4566748182432443E-003
   93500.000000000000        2.4556022529552217E-003
   93600.000000000000        2.4545400959587746E-003
   93700.000000000000        2.4534882462506954E-003
   93800.000000000000        2.4524466038079243E-003
   93900.000000000000        2.4514150695780349E-003
   94000.000000000000        2.4503935454698181E-003
   94100.000000000000        2.4493819343439508E-003
   94200.000000000000        2.4483801400037621E-003
   94300.000000000000        2.4473880671860835E-003
   94400.000000000000        2.4464056215521904E-003
   94500.000000000000        2.4454327096788326E-003
   94600.000000000000        2.4444692390493484E-003
   94700.000000000000        2.4435151180448680E-003
   94800.000000000000        2.4425702559356033E-003
   94900.000000000000        2.4416345628722139E-003
   95000.000000000000        2.4407079498772717E-003
   95100.000000000000        2.4397903288367923E-003
   95200.000000000000        2.4388816124918601E-003
   95300.000000000000        2.4379817144303305E-003
   95400.000000000000        2.4370905490786105E-003
   95500.000000000000        2.4362080316935233E-003
   95600.000000000000        2.4353340783542488E-003
   95700.000000000000        2.4344686059543448E-003
   95800.000000000000        2.4336115321938415E-003
   95900.000000000000        2.4327627755714194E-003
   96000.000000000000        2.4319222553766534E-003
   96100.000000000000        2.4310898916823451E-003
   96200.000000000000        2.4302656053369156E-003
   96300.000000000000        2.4294493179568824E-003
   96400.000000000000        2.4286409519194059E-003
   96500.000000000000        2.4278404303549055E-003
   96600.000000000000        2.4270476771397530E-003
   96700.000000000000        2.4262626168890310E-003
   96800.000000000000        2.4254851749493664E-003
   96900.000000000000        2.4247152773918305E-003
   97000.000000000000        2.4239528510049090E-003
   97100.000000000000        2.4231978232875399E-003
   97200.000000000000        2.4224501224422196E-003
   97300.000000000000        2.4217096773681761E-003
   97400.000000000000        2.4209764176546062E-003
   97500.000000000000        2.4202502735739813E-003
   97600.000000000000        2.4195311760754163E-003
   97700.000000000000        2.4188190567781031E-003
   97800.000000000000        2.4181138479648094E-003
   97900.000000000000        2.4174154825754384E-003
   98000.000000000000        2.4167238942006501E-003
   98100.000000000000        2.4160390170755502E-003
   98200.000000000000        2.4153607860734330E-003
   98300.000000000000        2.4146891366995894E-003
   98400.000000000000        2.4140240050851752E-003
   98500.000000000000        2.4133653279811347E-003
   98600.000000000000        2.4127130427521897E-003
   98700.000000000000        2.4120670873708813E-003
   98800.000000000000        2.4114274004116702E-003
   98900.000000000000        2.4107939210451000E-003
   99000.000000000000        2.4101665890320081E-003
   99100.000000000000        2.4095453447177998E-003
   99200.000000000000        2.4089301290267755E-003
   99300.000000000000        2.4083208834565122E-003
   99400.000000000000        2.4077175500723013E-003
   99500.000000000000        2.4071200715016393E-003
   99600.000000000000        2.4065283909287701E-003
   99700.000000000000        2.4059424520892860E-003
   99800.000000000000        2.4053621992647743E-003
   99900.000000000000        2.4047875772775199E-003
   100000.00000000000        2.4042185314852582E-003
   100100.00000000000        2.4036550077759806E-003
   100200.00000000000        2.4030969525627843E-003
   100300.00000000000        2.4025443127787833E-003
   100400.00000000000        2.4019970358720561E-003
   100500.00000000000        2.4014550698006512E-003
   100600.00000000000        2.4009183630276393E-003
   100700.00000000000        2.4003868645162091E-003
   100800.00000000000        2.3998605237248172E-003
   100900.00000000000        2.3993392906023815E-003
   101000.00000000000        2.3988231155835193E-003
   101100.00000000000        2.3983119495838380E-003
   101200.00000000000        2.3978057439952641E-003
   101300.00000000000        2.3973044506814221E-003
   101400.00000000000        2.3968080219730573E-003
   101500.00000000000        2.3963164106635035E-003
   101600.00000000000        2.3958295700041922E-003
   101700.00000000000        2.3953474537002084E-003
   101800.00000000000        2.3948700159058885E-003
   101900.00000000000        2.3943972112204595E-003
   102000.00000000000        2.3939289946837234E-003
   102100.00000000000        2.3934653217717798E-003
   102200.00000000000        2.3930061483927942E-003
   102300.00000000000        2.3925514308828035E-003
   102400.00000000000        2.3921011260015649E-003
   102500.00000000000        2.3916551909284435E-003
   102600.00000000000        2.3912135832583397E-003
   102700.00000000000        2.3907762609976595E-003
   102800.00000000000        2.3903431825603176E-003
   102900.00000000000        2.3899143067637857E-003
   103000.00000000000        2.3894895928251746E-003
   103100.00000000000        2.3890690003573580E-003
   103200.00000000000        2.3886524893651285E-003
   103300.00000000000        2.3882400202413986E-003
   103400.00000000000        2.3878315537634318E-003
   103500.00000000000        2.3874270510891127E-003
   103600.00000000000        2.3870264737532549E-003
   103700.00000000000        2.3866297836639418E-003
   103800.00000000000        2.3862369430989053E-003
   103900.00000000000        2.3858479147019383E-003
   104000.00000000000        2.3854626614793423E-003
   104100.00000000000        2.3850811467964099E-003
   104200.00000000000        2.3847033343739410E-003
   104300.00000000000        2.3843291882847924E-003
   104400.00000000000        2.3839586729504617E-003
   104500.00000000000        2.3835917531377059E-003
   104600.00000000000        2.3832283939551864E-003
   104700.00000000000        2.3828685608501569E-003
   104800.00000000000        2.3825122196051728E-003
   104900.00000000000        2.3821593363348402E-003
   105000.00000000000        2.3818098774825926E-003
   105100.00000000000        2.3814638098174998E-003
   105200.00000000000        2.3811211004311087E-003
   105300.00000000000        2.3807817167343136E-003
   105400.00000000000        2.3804456264542562E-003
   105500.00000000000        2.3801127976312586E-003
   105600.00000000000        2.3797831986157821E-003
   105700.00000000000        2.3794567980654192E-003
   105800.00000000000        2.3791335649419126E-003
   105900.00000000000        2.3788134685082036E-003
   106000.00000000000        2.3784964783255093E-003
   106100.00000000000        2.3781825642504280E-003
   106200.00000000000        2.3778716964320728E-003
   106300.00000000000        2.3775638453092337E-003
   106400.00000000000        2.3772589816075649E-003
   106500.00000000000        2.3769570763368026E-003
   106600.00000000000        2.3766581007880084E-003
   106700.00000000000        2.3763620265308373E-003
   106800.00000000000        2.3760688254108367E-003
   106900.00000000000        2.3757784695467668E-003
   107000.00000000000        2.3754909313279515E-003
   107100.00000000000        2.3752061834116508E-003
   107200.00000000000        2.3749241987204624E-003
   107300.00000000000        2.3746449504397451E-003
   107400.00000000000        2.3743684120150713E-003
   107500.00000000000        2.3740945571496998E-003
   107600.00000000000        2.3738233598020755E-003
   107700.00000000000        2.3735547941833536E-003
   107800.00000000000        2.3732888347549473E-003
   107900.00000000000        2.3730254562260998E-003
   108000.00000000000        2.3727646335514768E-003
   108100.00000000000        2.3725063419287882E-003
   108200.00000000000        2.3722505567964269E-003
   108300.00000000000        2.3719972538311361E-003
   108400.00000000000        2.3717464089456925E-003
   108500.00000000000        2.3714979982866189E-003
   108600.00000000000        2.3712519982319151E-003
   108700.00000000000        2.3710083853888107E-003
   108800.00000000000        2.3707671365915416E-003
   108900.00000000000        2.3705282288991477E-003
   109000.00000000000        2.3702916395932886E-003
   109100.00000000000        2.3700573461760866E-003
   109200.00000000000        2.3698253263679863E-003
   109300.00000000000        2.3695955581056337E-003
   109400.00000000000        2.3693680195397819E-003
   109500.00000000000        2.3691426890332101E-003
   109600.00000000000        2.3689195451586684E-003
   109700.00000000000        2.3686985666968390E-003
   109800.00000000000        2.3684797326343188E-003
   109900.00000000000        2.3682630221616209E-003
   110000.00000000000        2.3680484146711956E-003
   110100.00000000000        2.3678358897554715E-003
   110200.00000000000        2.3676254272049155E-003
   110300.00000000000        2.3674170070061081E-003
   110400.00000000000        2.3672106093398436E-003
   110500.00000000000        2.3670062145792433E-003
   110600.00000000000        2.3668038032878909E-003
   110700.00000000000        2.3666033562179819E-003
   110800.00000000000        2.3664048543084954E-003
   110900.00000000000        2.3662082786833809E-003
   111000.00000000000        2.3660136106497631E-003
   111100.00000000000        2.3658208316961636E-003
   111200.00000000000        2.3656299234907424E-003
   111300.00000000000        2.3654408678795533E-003
   111400.00000000000        2.3652536468848177E-003
   111500.00000000000        2.3650682427032161E-003
   111600.00000000000        2.3648846377041940E-003
   111700.00000000000        2.3647028144282854E-003
   111800.00000000000        2.3645227555854527E-003
   111900.00000000000        2.3643444440534442E-003
   112000.00000000000        2.3641678628761628E-003
   112100.00000000000        2.3639929952620556E-003
   112200.00000000000        2.3638198245825178E-003
   112300.00000000000        2.3636483343703087E-003
   112400.00000000000        2.3634785083179893E-003
   112500.00000000000        2.3633103302763679E-003
   112600.00000000000        2.3631437842529684E-003
   112700.00000000000        2.3629788544105058E-003
   112800.00000000000        2.3628155250653825E-003
   112900.00000000000        2.3626537806861964E-003
   113000.00000000000        2.3624936058922632E-003
   113100.00000000000        2.3623349854521554E-003
   113200.00000000000        2.3621779042822524E-003
   113300.00000000000        2.3620223474453065E-003
   113400.00000000000        2.3618683001490229E-003
   113500.00000000000        2.3617157477446534E-003
   113600.00000000000        2.3615646757256018E-003
   113700.00000000000        2.3614150697260465E-003
   113800.00000000000        2.3612669155195728E-003
   113900.00000000000        2.3611201990178209E-003
   114000.00000000000        2.3609749062691457E-003
   114100.00000000000        2.3608310234572915E-003
   114200.00000000000        2.3606885369000753E-003
   114300.00000000000        2.3605474330480893E-003
   114400.00000000000        2.3604076984834088E-003
   114500.00000000000        2.3602693199183205E-003
   114600.00000000000        2.3601322841940537E-003
   114700.00000000000        2.3599965782795341E-003
   114800.00000000000        2.3598621892701416E-003
   114900.00000000000        2.3597291043864835E-003
   115000.00000000000        2.3595973109731805E-003
   115100.00000000000        2.3594667964976623E-003
   115200.00000000000        2.3593375485489758E-003
   115300.00000000000        2.3592095548366052E-003
   115400.00000000000        2.3590828031893030E-003
   115500.00000000000        2.3589572815539334E-003
   115600.00000000000        2.3588329779943257E-003
   115700.00000000000        2.3587098806901376E-003
   115800.00000000000        2.3585879779357351E-003
   115900.00000000000        2.3584672581390743E-003
   116000.00000000000        2.3583477098206040E-003
   116100.00000000000        2.3582293216121708E-003
   116200.00000000000        2.3581120822559389E-003
   116300.00000000000        2.3579959806033202E-003
   116400.00000000000        2.3578810056139139E-003
   116500.00000000000        2.3577671463544565E-003
   116600.00000000000        2.3576543919977808E-003
   116700.00000000000        2.3575427318217896E-003
   116800.00000000000        2.3574321552084329E-003
   116900.00000000000        2.3573226516426992E-003
   117000.00000000000        2.3572142107116168E-003
   117100.00000000000        2.3571068221032621E-003
   117200.00000000000        2.3570004756057793E-003
   117300.00000000000        2.3568951611064102E-003
   117400.00000000000        2.3567908685905308E-003
   117500.00000000000        2.3566875881407016E-003
   117600.00000000000        2.3565853099357221E-003
   117700.00000000000        2.3564840242496980E-003
   117800.00000000000        2.3563837214511160E-003
   117900.00000000000        2.3562843920019280E-003
   118000.00000000000        2.3561860264566452E-003
   118100.00000000000        2.3560886154614371E-003
   118200.00000000000        2.3559921497532453E-003
   118300.00000000000        2.3558966201589005E-003
   118400.00000000000        2.3558020175942509E-003
   118500.00000000000        2.3557083330632981E-003
   118600.00000000000        2.3556155576573423E-003
   118700.00000000000        2.3555236825541343E-003
   118800.00000000000        2.3554326990170376E-003
   118900.00000000000        2.3553425983941960E-003
   119000.00000000000        2.3552533721177132E-003
   119100.00000000000        2.3551650117028351E-003
   119200.00000000000        2.3550775087471457E-003
   119300.00000000000        2.3549908549297667E-003
   119400.00000000000        2.3549050420105669E-003
   119500.00000000000        2.3548200618293772E-003
   119600.00000000000        2.3547359063052164E-003
   119700.00000000000        2.3546525674355227E-003
   119800.00000000000        2.3545700372953901E-003
   119900.00000000000        2.3544883080368188E-003
   120000.00000000000        2.3544073718879659E-003
   120100.00000000000        2.3543272211524074E-003
   120200.00000000000        2.3542478482084057E-003
   120300.00000000000        2.3541692455081868E-003
   120400.00000000000        2.3540914055772198E-003
   120500.00000000000        2.3540143210135081E-003
   120600.00000000000        2.3539379844868848E-003
   120700.00000000000        2.3538623887383154E-003
   120800.00000000000        2.3537875265792082E-003
   120900.00000000000        2.3537133908907307E-003
   121000.00000000000        2.3536399746231316E-003
   121100.00000000000        2.3535672707950717E-003
   121200.00000000000        2.3534952724929593E-003
   121300.00000000000        2.3534239728702929E-003
   121400.00000000000        2.3533533651470106E-003
   121500.00000000000        2.3532834426088440E-003
   121600.00000000000        2.3532141986066816E-003
   121700.00000000000        2.3531456265559361E-003
   121800.00000000000        2.3530777199359159E-003
   121900.00000000000        2.3530104722892086E-003
   122000.00000000000        2.3529438772210646E-003
   122100.00000000000        2.3528779283987894E-003
   122200.00000000000        2.3528126195511427E-003
   122300.00000000000        2.3527479444677398E-003
   122400.00000000000        2.3526838969984624E-003
   122500.00000000000        2.3526204710528748E-003
   122600.00000000000        2.3525576605996422E-003
   122700.00000000000        2.3524954596659590E-003
   122800.00000000000        2.3524338623369806E-003
   122900.00000000000        2.3523728627552602E-003
   123000.00000000000        2.3523124551201933E-003
   123100.00000000000        2.3522526336874640E-003
   123200.00000000000        2.3521933927685003E-003
   123300.00000000000        2.3521347267299328E-003
   123400.00000000000        2.3520766299930588E-003
   123500.00000000000        2.3520190970333123E-003
   123600.00000000000        2.3519621223797378E-003
   123700.00000000000        2.3519057006144710E-003
   123800.00000000000        2.3518498263722224E-003
   123900.00000000000        2.3517944943397691E-003
   124000.00000000000        2.3517396992554468E-003
   124100.00000000000        2.3516854359086526E-003
   124200.00000000000        2.3516316991393461E-003
   124300.00000000000        2.3515784838375620E-003
   124400.00000000000        2.3515257849429224E-003
   124500.00000000000        2.3514735974441547E-003
   124600.00000000000        2.3514219163786173E-003
   124700.00000000000        2.3513707368318271E-003
   124800.00000000000        2.3513200539369904E-003
   124900.00000000000        2.3512698628745422E-003
   125000.00000000000        2.3512201588716864E-003
